>> scriptint
interval (0.25,4)
  n    err poly   err lin_spl
  2    7.044e-02    1.171e-01
  4    1.558e-02    5.469e-02
  8    1.873e-03    2.244e-02
 16    7.426e-05    8.027e-03
 32    2.520e-04    2.538e-03
 64    5.649e-02    7.280e-04

interval (0.25,4)
  n   err lin_spl err cub_spl
 16    8.027e-03    1.116e-03 
 32    2.538e-03    1.700e-04    1.7    2.7
 64    7.280e-04    1.895e-05    1.8    3.2
128    1.969e-04    1.678e-06    1.9    3.5
256    5.133e-05    1.189e-07    1.9    3.8
512    1.311e-05    7.897e-09    2.0    3.9

interval (0,4)
  n   err lin_spl err cub_spl
 16    1.250e-01    8.813e-02 
 32    8.837e-02    6.222e-02    0.5    0.5
 64    6.249e-02    4.399e-02    0.5    0.5
128    4.419e-02    3.111e-02    0.5    0.5
256    3.125e-02    2.007e-02    0.5    0.6
512    1.798e-02    8.190e-03    0.8    1.3