k        a  	      |x_k - x*|    |x_k - x*|      |x_k - x*| 
   	     	  	          |x_{k-1} - x*|  |x_{k-1} - x*|^2
----------------------------------------------------------------
1      0.000763       0.370107       0.925268      2.313171 
2      0.781250       0.267540       0.722871      1.953138 
3      6.250000       0.144472       0.540002      2.018401 
4      0.781250       0.024031       0.166340      1.151364 
5      0.781250       0.009284       0.386315      16.075371
6      3.125000       0.000460       0.049543      5.336509 
7      1.562500       0.000546       1.186138      2578.898434
8      1.562500       0.000314       0.576053      1055.908359
9      1.562500       0.000170       0.539973      1718.200823
10     1.562500       0.000098       0.576161      3395.265329
11     1.562500       0.000054       0.555140      5677.906569
12     1.562500       0.000031       0.566744      10441.681789
13     1.562500       0.000017       0.560145      18209.477046