k  	 a  	      |x_k - x*|     |x_k - x*|      |x_k - x*| 
   	     	  	 	   |x_{k-1} - x*|  |x_{k-1} - x*|^2
----------------------------------------------------------------
100     0.007813       0.328996       0.997249      3.022848 
200     0.000977       0.287434       0.999665      3.476726 
300     0.000977       0.248260       0.999660      4.025298 
400     0.015625       0.204615       0.994232      4.831002 
500     0.000977       0.163047       0.999646      6.128857 
600     0.001953       0.119523       0.999279      8.354517 
700     0.001953       0.068050       0.999259      14.673411
800     0.001953       0.043374       0.999277      23.021792
900     0.001953       0.040161       0.999266      24.863219
1000     0.001953       0.037185       0.999251      26.852423
1100     0.001953       0.034428       0.999239      29.001638
1200     0.001953       0.031875       0.999232      31.324830
1300     0.001953       0.029486       0.999231      33.862786
1400     0.001953       0.027274       0.999229      36.608812
1500     0.001953       0.025207       0.999229      39.610703
1600     0.001953       0.023295       0.999229      42.861246
1700     0.001953       0.021527       0.999229      46.381036
1800     0.001953       0.019893       0.999228      50.192384
1900     0.001953       0.018381       0.999227      54.319450
2000     0.001953       0.016984       0.999226      58.788400
2100     0.001953       0.015680       0.999226      63.677078
2200     0.001953       0.014487       0.999225      68.921208
2300     0.001953       0.013374       0.999225      74.657859
2400     0.001953       0.012346       0.999225      80.874595
2500     0.001953       0.011396       0.999225      87.611593
2600     0.003906       0.010520       0.998448      94.764886
2700     0.001953       0.009710       0.999224      102.824204
2800     0.001953       0.008963       0.999224      111.398148
2900     0.001953       0.008273       0.999223      120.689647
3000     0.001953       0.007636       0.999223      130.758757
3100     0.001953       0.007048       0.999223      141.670557
3200     0.001953       0.006500       0.999223      153.615246
3300     0.001953       0.005999       0.999222      166.439932
3400     0.001953       0.005537       0.999222      180.337923
3500     0.001953       0.005106       0.999222      195.551453
3600     0.001953       0.004712       0.999222      211.885827
3700     0.001953       0.004345       0.999222      229.766339
3800     0.001953       0.004010       0.999221      248.964208
3900     0.001953       0.003698       0.999221      269.979249
4000     0.001953       0.003410       0.999221      292.770818
4100     0.001953       0.003147       0.999221      317.241662
4200     0.001953       0.002902       0.999221      344.028726
4300     0.001953       0.002676       0.999221      373.080272