>> a2q5script

f(x) = x^(5/2), I = 0.28571428571
  1 0.17677669530 0.28645942825 0.28571990907  1.09e-01 -7.45e-04 -5.62e-06
  2 0.25919464481 0.28579076659 0.28571478308  2.65e-02 -7.65e-05 -4.97e-07
  4 0.27915798311 0.28572173694 0.28571432968  6.56e-03 -7.45e-06 -4.40e-08
  8 0.28408239612 0.28571498803 0.28571428960  1.63e-03 -7.02e-07 -3.89e-09
 16 0.28530699150 0.28571435053 0.28571428606  4.07e-04 -6.48e-08 -3.43e-10
 32 0.28561252480 0.28571429161 0.28571428574  1.02e-04 -5.90e-09 -3.04e-11
(  1,   2)          2.04          3.28          3.50
(  2,   4)          2.02          3.36          3.50
(  4,   8)          2.01          3.41          3.50
(  8,  16)          2.00          3.44          3.50
( 16,  32)          2.00          3.46          3.50

f(x) = x^(7/2), I = 0.22222222222
  1 0.08838834765 0.21999709747 0.22222089980  1.34e-01  2.23e-03  1.32e-06
  2 0.18658348361 0.22206888468 0.22222216359  3.56e-02  1.53e-04  5.86e-08
  4 0.21316206394 0.22221197997 0.22222221963  9.06e-03  1.02e-05  2.59e-09
  8 0.21994712151 0.22222155249 0.22222222211  2.28e-03  6.70e-07  1.15e-10
 16 0.22165278871 0.22222217905 0.22222222222  5.69e-04  4.32e-08  5.06e-12
 32 0.22207982139 0.22222221947 0.22222222222  1.42e-04  2.76e-09  2.24e-13
(  1,   2)          1.91          3.86          4.50
(  2,   4)          1.98          3.90          4.50
(  4,   8)          1.99          3.93          4.50
(  8,  16)          2.00          3.96          4.50
( 16,  32)          2.00          3.97          4.50

f(x) = x^(9/2), I = 0.18181818182
  1 0.04419417382 0.17225385943 0.18181877444  1.38e-01  9.56e-03 -5.93e-07
  2 0.13798448771 0.18123724292 0.18181819509  4.38e-02  5.81e-04 -1.33e-08
  4 0.17028756418 0.18178230712 0.18181818211  1.15e-02  3.59e-05 -2.94e-10
  8 0.17890020510 0.18181595025 0.18181818182  2.92e-03  2.23e-06 -6.50e-12
 16 0.18108649075 0.18181804260 0.18181818182  7.32e-04  1.39e-07 -1.44e-13
 32 0.18163512200 0.18181817312 0.18181818182  1.83e-04  8.70e-09 -3.19e-15
(  1,   2)          1.65          4.04          5.48
(  2,   4)          1.93          4.02          5.50
(  4,   8)          1.98          4.01          5.50
(  8,  16)          2.00          4.00          5.50
( 16,  32)          2.00          4.00          5.49

f(x) = x^(11/2), I = 0.15384615385
  1 0.02209708691 0.13558767652 0.15384564623  1.32e-01  1.83e-02  5.08e-07
  2 0.10300008453 0.15262353832 0.15384614796  5.08e-02  1.22e-03  5.89e-09
  4 0.13993223879 0.15376833419 0.15384615378  1.39e-02  7.78e-05  6.63e-11
  8 0.15029109002 0.15384126660 0.15384615385  3.56e-03  4.89e-06  7.37e-13
 16 0.15295257732 0.15384584801 0.15384615385  8.94e-04  3.06e-07  8.16e-15
 32 0.15362245866 0.15384613473 0.15384615385  2.24e-04  1.91e-08  1.11e-16
(  1,   2)          1.37          3.90          6.43
(  2,   4)          1.87          3.97          6.47
(  4,   8)          1.97          3.99          6.49
(  8,  16)          1.99          4.00          6.50
( 16,  32)          2.00          4.00          6.20

f(x) = x^(13/2), I = 0.13333333333
  1 0.01104854346 0.10687869994 0.13333426941  1.22e-01  2.65e-02 -9.36e-07
  2 0.07712799309 0.13117024215 0.13333333941  5.62e-02  2.16e-03 -6.07e-09
  4 0.11715887322 0.13319040817 0.13333333337  1.62e-02  1.43e-04 -3.72e-11
  8 0.12914912147 0.13332428119 0.13333333333  4.18e-03  9.05e-06 -2.20e-13
 16 0.13227837115 0.13333276572 0.13333333333  1.05e-03  5.68e-07 -1.28e-15
 32 0.13306903407 0.13333329783 0.13333333333  2.64e-04  3.55e-08 -2.78e-17
(  1,   2)          1.12          3.61          7.27
(  2,   4)          1.80          3.92          7.35
(  4,   8)          1.95          3.98          7.40
(  8,  16)          1.99          4.00          7.43
( 16,  32)          2.00          4.00          5.52

f(x) = x^(15/2), I = 0.11764705882
  1 0.00552427173 0.08428075386 0.11764063066  1.12e-01  3.34e-02  6.43e-06
  2 0.05781547724 0.11424287616 0.11764703100  5.98e-02  3.40e-03  2.78e-08
  4 0.09935579120 0.11741214877 0.11764705871  1.83e-02  2.35e-04  1.17e-10
  8 0.11284328329 0.11763202421 0.11764705882  4.80e-03  1.50e-05  4.77e-13
 16 0.11643131966 0.11764611362 0.11764705882  1.22e-03  9.45e-07  1.93e-15
 32 0.11734219367 0.11764699966 0.11764705882  3.05e-04  5.92e-08 -1.39e-17
(  1,   2)          0.91          3.29          7.85
(  2,   4)          1.71          3.86          7.90
(  4,   8)          1.93          3.97          7.93
(  8,  16)          1.98          3.99          7.95
( 16,  32)          2.00          4.00          7.12

f(x) = max(x-1/3, 0), I = 0.22222222222
  1 0.16666666667 0.22767090063 0.21365019049  5.56e-02 -5.45e-03  8.57e-03
  2 0.20833333333 0.22358439182 0.22007921429  1.39e-02 -1.36e-03  2.14e-03
  4 0.21875000000 0.22256276462 0.22168647024  3.47e-03 -3.41e-04  5.36e-04
  8 0.22135416667 0.22230735782 0.22208828423  8.68e-04 -8.51e-05  1.34e-04
 16 0.22200520833 0.22224350612 0.22218873772  2.17e-04 -2.13e-05  3.35e-05
 32 0.22216796875 0.22222754320 0.22221385110  5.43e-05 -5.32e-06  8.37e-06
(  1,   2)          2.00          2.00          2.00
(  2,   4)          2.00          2.00          2.00
(  4,   8)          2.00          2.00          2.00
(  8,  16)          2.00          2.00          2.00
( 16,  32)          2.00          2.00          2.00

f(x) = if 0<=x<1/3 0 else 1, I = 0.66666666667
  1 1.00000000000 0.50000000000 0.50000000000 -3.33e-01  1.67e-01  1.67e-01
  2 0.50000000000 0.75000000000 0.75000000000  1.67e-01 -8.33e-02 -8.33e-02
  4 0.75000000000 0.62500000000 0.62500000000 -8.33e-02  4.17e-02  4.17e-02
  8 0.62500000000 0.68750000000 0.68750000000  4.17e-02 -2.08e-02 -2.08e-02
 16 0.68750000000 0.65625000000 0.65625000000 -2.08e-02  1.04e-02  1.04e-02
 32 0.65625000000 0.67187500000 0.67187500000  1.04e-02 -5.21e-03 -5.21e-03
(  1,   2)          1.00          1.00          1.00
(  2,   4)          1.00          1.00          1.00
(  4,   8)          1.00          1.00          1.00
(  8,  16)          1.00          1.00          1.00
( 16,  32)          1.00          1.00          1.00

f(x) = 4*x^3 + 6*x^2 - 7*x + 5, I = 4.50000000000
  1 3.50000000000 4.50000000000 4.50000000000  1.00e+00  0.00e+00  8.88e-16
  2 4.25000000000 4.50000000000 4.50000000000  2.50e-01  0.00e+00  0.00e+00
  4 4.43750000000 4.50000000000 4.50000000000  6.25e-02  0.00e+00  0.00e+00
  8 4.48437500000 4.50000000000 4.50000000000  1.56e-02  0.00e+00  0.00e+00
 16 4.49609375000 4.50000000000 4.50000000000  3.91e-03  0.00e+00  0.00e+00
 32 4.49902343750 4.50000000000 4.50000000000  9.77e-04  0.00e+00  0.00e+00
(  1,   2)          2.00           NaN           Inf
(  2,   4)          2.00           NaN           NaN
(  4,   8)          2.00           NaN           NaN
(  8,  16)          2.00           NaN           NaN
( 16,  32)          2.00           NaN           NaN

f(x) = x^3, I = 0.25000000000
  1 0.12500000000 0.25000000000 0.25000000000  1.25e-01  2.78e-17  1.11e-16
  2 0.21875000000 0.25000000000 0.25000000000  3.13e-02  0.00e+00  2.78e-17
  4 0.24218750000 0.25000000000 0.25000000000  7.81e-03  0.00e+00  0.00e+00
  8 0.24804687500 0.25000000000 0.25000000000  1.95e-03  0.00e+00  0.00e+00
 16 0.24951171875 0.25000000000 0.25000000000  4.88e-04  0.00e+00 -5.55e-17
 32 0.24987792969 0.25000000000 0.25000000000  1.22e-04  0.00e+00  0.00e+00
(  1,   2)          2.00           Inf          2.00
(  2,   4)          2.00           NaN           Inf
(  4,   8)          2.00           NaN           NaN
(  8,  16)          2.00           NaN          -Inf
( 16,  32)          2.00           NaN           Inf

f(x) = x^7, I = 0.12500000000
  1 0.00781250000 0.09490740741 0.12500000000  1.17e-01  3.01e-02  2.08e-16
  2 0.06677246094 0.12225115741 0.12500000000  5.82e-02  2.75e-03  6.94e-17
  4 0.10774803162 0.12481463397 0.12500000000  1.73e-02  1.85e-04  1.39e-17
  8 0.12050470710 0.12498820270 0.12500000000  4.50e-03  1.18e-05  0.00e+00
 16 0.12386456644 0.12499925936 0.12500000000  1.14e-03  7.41e-07  0.00e+00
 32 0.12471541258 0.12499995366 0.12500000000  2.85e-04  4.63e-08  0.00e+00
(  1,   2)          1.01          3.45          1.58
(  2,   4)          1.75          3.89          2.32
(  4,   8)          1.94          3.97           Inf
(  8,  16)          1.99          3.99           NaN
( 16,  32)          2.00          4.00           NaN

f(x) = 2*x^7-3*x^6-2*x^5+x^4-4*x^3+5, I = 3.68809523810
  1 4.46875000000 3.71759259259 3.68809523810 -7.81e-01 -2.95e-02 -8.88e-16
  2 3.91308593750 3.68894675926 3.68809523810 -2.25e-01 -8.52e-04 -4.44e-16
  4 3.74519348145 3.68813295718 3.68809523810 -5.71e-02 -3.77e-05  4.44e-16
  8 3.70240712166 3.68809735333 3.68809523810 -1.43e-02 -2.12e-06  8.88e-16
 16 3.69167529419 3.68809536651 3.68809523810 -3.58e-03 -1.28e-07  0.00e+00
 32 3.68899037858 3.68809524606 3.68809523810 -8.95e-04 -7.97e-09  0.00e+00
(  1,   2)          1.79          5.11          1.00
(  2,   4)          1.98          4.50          0.00
(  4,   8)          2.00          4.16         -1.00
(  8,  16)          2.00          4.04           Inf
( 16,  32)          2.00          4.01           NaN