k  	 a  	    |x_k - x*| 	    |x_k - x*|      |x_k - x*| 
   	     	  	          |x_{k-1} - x*|  |x_{k-1} - x*|^2
----------------------------------------------------------------
1      0.012207       1.637332       0.526258      0.169146 
2      0.001526       1.623086       0.991299      0.605436 
3      1.562500       1.612226       0.993309      0.611988 
4      3.125000       1.583100       0.981934      0.609055 
5      3.125000       1.546342       0.976781      0.617006 
6      3.125000       1.417601       0.916745      0.592847 
7      1.562500       1.131391       0.798103      0.562995 
8      3.125000       0.596560       0.527280      0.466046 
9      0.781250       0.655083       1.098100      1.840720 
10     1.562500       0.402058       0.613751      0.936907 
11     1.562500       0.395852       0.984566      2.448815 
12     1.562500       0.129284       0.326596      0.825044 
13     1.562500       0.183196       1.417011      10.960486
14     1.562500       0.048673       0.265687      1.450286 
15     1.562500       0.067777       1.392505      28.609444
16     1.562500       0.006768       0.099859      1.473335 
17     1.562500       0.009430       1.393334      205.866400
18     1.562500       0.003211       0.340523      36.109564
19     1.562500       0.002234       0.695836      216.687944
20     1.562500       0.001147       0.513140      229.645207
21     1.562500       0.000679       0.592351      516.612684
22     1.562500       0.000372       0.547119      805.541541
23     1.562500       0.000212       0.571427      1537.747100
24     1.562500       0.000118       0.557596      2625.932675
25     1.562500       0.000067       0.565289      4774.350227