k             x_k^T  		    f(x_k) 	  ||Vf(x_k)|| 
----------------------------------------------------------------
0 	 [-1.2 1 ] 	          2.42000E+01 	  2.32868E+02 
1 	 [-1.1753 1.3807 ] 	  4.73188E+00 	  4.63943E+00 
2 	 [-0.93298 0.81121 ] 	  4.08740E+00 	  2.85501E+01 
3 	 [-0.78254 0.58974 ] 	  3.22867E+00 	  1.15715E+01 
4 	 [-0.46 0.10756 ] 	  3.21390E+00 	  3.03259E+01 
5 	 [-0.39305 0.15 ] 	  1.94259E+00 	  3.60410E+00 
6 	 [-0.20941 0.0067701 ] 	  1.60019E+00 	  9.24842E+00 
7 	 [-0.065719 -0.016329 ]   1.17839E+00 	  4.91980E+00 
8 	 [0.14204 -0.022989 ] 	  9.22412E-01 	  8.66434E+00 
9 	 [0.23111 0.045478 ] 	  5.97489E-01 	  1.77881E+00 
10 	 [0.37974 0.11815 ] 	  4.52625E-01 	  5.87780E+00 
11 	 [0.47959 0.22004 ] 	  2.80762E-01 	  2.17637E+00 
12 	 [0.65341 0.39673 ] 	  2.11393E-01 	  9.40129E+00 
13 	 [0.70262 0.49126 ] 	  8.90195E-02 	  4.92063E-01 
14 	 [0.80279 0.63322 ] 	  5.15354E-02 	  3.92425E+00 
15 	 [0.86349 0.74193 ] 	  1.99928E-02 	  1.24211E+00 
16 	 [0.94208 0.88134 ] 	  7.16924E-03 	  2.53307E+00 
17 	 [0.96799 0.93634 ] 	  1.06961E-03 	  2.37582E-01 
18 	 [0.99621 0.99164 ] 	  7.77685E-05 	  3.48272E-01 
19 	 [0.99948 0.99895 ] 	  2.82467E-07 	  3.87419E-03 