k  	 a  	     |x_k - x*|     |x_k - x*|      |x_k - x*| 
   	     	  	          |x_{k-1} - x*|  |x_{k-1} - x*|^2
----------------------------------------------------------------
1      1.000000       3.123063       1.003790      0.322630 
2      0.125000       2.746656       0.879475      0.281607 
3      1.000000       2.586799       0.941800      0.342890 
4      1.000000       2.419932       0.935493      0.361641 
5      1.000000       2.307844       0.953681      0.394094 
6      0.250000       2.213225       0.959001      0.415540 
7      1.000000       2.082633       0.940995      0.425169 
8      1.000000       1.888172       0.906627      0.435327 
9      1.000000       1.733383       0.918022      0.486196 
10     0.500000       1.524720       0.879621      0.507459 
11     1.000000       1.326015       0.869678      0.570385 
12     1.000000       0.983934       0.742024      0.559589 
13     1.000000       0.833369       0.846976      0.860805 
14     0.500000       0.588932       0.706688      0.847990 
15     1.000000       0.412878       0.701063      1.190397 
16     1.000000       0.186740       0.452289      1.095454 
17     1.000000       0.100772       0.539639      2.889785 
18     1.000000       0.012983       0.128830      1.278427 
19     1.000000       0.001660       0.127828      9.846181