k  	   a          |x_k - x*|     |x_k - x*|      |x_k - x*| 
   	     	  	           |x_{k-1} - x*|  |x_{k-1} - x*|^2
----------------------------------------------------------------
100     0.001953       0.202651       0.999175      4.926466 
200     0.001953       0.182869       0.999179      5.459412 
300     0.001953       0.165423       0.999179      6.035185 
400     0.001953       0.149866       0.999187      6.661781 
500     0.001953       0.136075       0.999187      7.336933 
600     0.001953       0.123717       0.999189      8.069852 
700     0.001953       0.112624       0.999193      8.864812 
800     0.001953       0.102648       0.999196      9.726347 
900     0.001953       0.093665       0.999198      10.659250
1000     0.003906       0.085494       0.998398      11.659235
1100     0.001953       0.078183       0.999203      12.770089
1200     0.001953       0.071515       0.999206      13.960845
1300     0.001953       0.065483       0.999205      15.246969
1400     0.001953       0.059971       0.999208      16.648377
1500     0.001953       0.054977       0.999208      18.160752
1600     0.001953       0.050406       0.999210      19.807402
1700     0.001953       0.046260       0.999209      21.582938
1800     0.001953       0.042460       0.999210      23.514598
1900     0.001953       0.038976       0.999212      25.616105
2000     0.001953       0.035811       0.999211      27.880189
2100     0.001953       0.032906       0.999212      30.341431
2200     0.001953       0.030240       0.999213      33.016992
2300     0.001953       0.027792       0.999215      35.925543
2400     0.001953       0.025564       0.999214      39.056437
2500     0.001953       0.023516       0.999214      42.457324
2600     0.001953       0.021634       0.999215      46.151474
2700     0.001953       0.019903       0.999215      50.164173
2800     0.001953       0.018312       0.999216      54.522895
2900     0.001953       0.016849       0.999217      59.257491
3000     0.001953       0.015516       0.999217      64.349658
3100     0.001953       0.014289       0.999217      69.876638
3200     0.001953       0.013159       0.999217      75.875544
3300     0.001953       0.012109       0.999218      82.451417
3400     0.001953       0.011153       0.999218      89.524002
3500     0.003906       0.010272       0.998436      97.048221
3600     0.001953       0.009468       0.999218      105.449656
3700     0.001953       0.008721       0.999218      114.485953
3800     0.001953       0.008033       0.999218      124.293810
3900     0.003906       0.007399       0.998437      134.728000
4000     0.001953       0.006821       0.999219      146.378636
4100     0.001953       0.006283       0.999219      158.909637
4200     0.001953       0.005792       0.999219      172.375600
4300     0.001953       0.005336       0.999219      187.126339
4400     0.001953       0.004919       0.999219      202.977699
4500     0.001953       0.004535       0.999219      220.169089
4600     0.001953       0.004178       0.999219      239.000675
4700     0.001953       0.003851       0.999219      259.237392
4800     0.001953       0.003551       0.999219      281.184870
4900     0.001953       0.003271       0.999219      305.226246
5000     0.001953       0.003016       0.999219      331.061571
5100     0.001953       0.002781       0.999219      359.080945
5200     0.001953       0.002564       0.999219      389.469011